6
6
7
8
9
10
11
11
11
11
10
9
8
7
6
5
4
4
4
5
6
7
8
10
11
13
14
14
15
15
16
16
16
16
17
18
19
20
21
22
23
24
24
25
25
25
26
26
25
25
24
23
21
19
17
14
11
9
6
4
2
1
0
0
0
1
2
3
4
5
6
8
9
11
13
15
17
18
20
21
22
23
24
25
26
27
28
29
30
30
31
31
31
31
32
32
33
34
35
36
37
37
37
36
35
33
32
30
29
28
28
27
27
27
27
26
25
24
22
20
18
17
15
13
12
11
10
9
8
7
6
5
3
2
1
1
0
0
1
1
2
3
4
6
7
8
9
11
12
12
13
14
14
14
14
13
12
10
9
8
6
5
4
3
2
1
0
-1
-3
-5
-6
-7
-8
-8
-8
-7
-5
-3
-1
1
4
6
7
8
9
10
10
11
12
12
13
14
16
17
18
19
20
21
23
24
25
26
27
27
28
28
28
27
26
24
22
20
17
15
13
11
10
9
8
8
8
8
8
8
8
9
9
10
10
11
12
13
14
15
16
17
18
19
20
21
22
23
24
25
26
26
26
26
25
24
23
22
21
20
19
19